A = [3 2 3; 3 1 5; 4 6 1];
B = [4 1 5; 4 1 0; 2 3 8];
b = [2 4 9];
